284
395
450
467
258
191
14
1
415
340
421
60
45
454
453
218
394
459
396
107
176
476
477
218
152
185
259
239
358
200
38
92
69
333
123
177
31
396
458
22
304
393
83
155
116
48
358
336
343
292
492
208
338
37
299
345
251
470
162
62
258
171
259
131
419
308
362
114
403
127
231
87
116
151
499
331
41
232
360
318
495
461
227
363
374
225
12
137
496
131
9
327
353
169
192
94
455
183
7
439
28
30
45
472
366
199
299
447
287
74
236
314
320
83
147
95
364
88
148
240
201
195
202
240
391
436
196
64
248
22
141
316
41
270
223
386
139
340
81
125
162
306
325
331
451
421
58
381
268
303
269
373
379
399
147
415
356
178
279
89
219
163
58
92
182
219
377
391
375
99
114
167
250
388
356
446
207
289
189
69
243
72
165
349
34
174
141
89
64
249
98
82
324
19
329
197
459
93
360
177
117
59
326
142
264
456
48
54
262
419
12
395
412
32
136
454
141
56
364
266
87
24
72
42
43
384
441
393
140
157
463
400
194
221
494
125
2
219
5
467
137
220
155
450
175
191
312
178
13
59
