165
443
259
255
245
95
476
357
443
274
25
405
241
135
267
225
229
73
74
95
21
190
486
259
158
410
314
418
452
165
275
101
121
252
243
156
79
119
81
65
476
369
370
450
37
149
158
358
247
13
17
20
194
13
64
481
87
416
111
320
150
447
298
53
125
263
73
279
337
98
265
499
267
491
457
281
422
339
129
486
407
72
219
345
9
324
48
279
149
179
449
274
331
474
239
89
207
68
161
294
346
43
442
91
480
80
407
295
15
53
442
12
331
388
316
360
82
500
398
169
307
7
352
128
114
331
352
115
210
491
105
499
252
475
414
356
499
377
359
66
146
146
27
218
126
43
265
171
29
97
49
115
356
485
323
82
360
34
479
269
150
336
279
401
288
145
90
235
17
436
258
217
236
155
90
410
252
427
134
246
373
202
243
173
354
443
126
5
41
457
393
244
423
435
275
5
161
382
390
256
248
438
239
409
244
267
293
173
278
94
262
75
79
467
291
130
33
230
342
424
464
403
3
32
94
80
352
490
269
286
82
311
422
243
190
460
204
158
9
183
350
354
445
144
50
390
76
487
155
398
430
208
360
478
28
147
436
28
115
317
226
84
105
9
60
482
218
179
255
168
66
327
451
88
216
302
393
33
219
324
174
268
79
390
80
22
191
355
295
153
59
130
338
446
197
328
193
431
5
35
284
429
401
12
314
292
108
81
490
298
255
443
171
306
114
479
386
483
98
228
138
294
319
490
374
201
49
406
202
116
268
451
28
162
53
27
329
194
330
262
89
416
445
401
29
199
128
363
75
4
312
107
451
297
123
205
344
209
146
198
127
46
121
11
209
461
123
337
321
236
245
213
452
48
314
39
261
46
393
193
465
294
10
310
299
352
324
444
482
184
91
347
32
99
15
120
311
155
394
274
262
132
407
337
21
137
177
397
339
476
213
349
326
65
59
490
358
486
316
214
479
259
441
43
32
169
390
393
472
7
410
387
340
353
315
282
72
233
374
227
299
107
20
144
265
224
268
163
196
163
356
227
319
397
256
352
172
99
450
142
154
382
336
193
443
111
209
77
491
449
170
285
252
8
382
161
307
440
72
413
269
187
193
180
343
376
395
11
324
325
175
164
116
452
36
359
438
466
329
293
420
153
217
170
75
208
379
181
286
69
280
276
12
351
185
193
438
49
366
208
83
299
221
118
114
345
125
476
238
351
315
82
470
16
94
172
228
346
115
91
192
434
460
295
58
445
426
72
76
20
438
487
7
186
36
417
357
412
464
468
399
496
3
409
421
387
302
137
399
418
282
235
417
268
475
260
83
463
478
92
34
264
451
408
26
156
32
296
232
473
380
346
45
243
9
98
70
49
32
259
464
476
304
286
395
487
17
257
187
419
395
30
82
218
188
103
205
459
270
396
55
386
94
144
400
195
189
407
128
288
413
236
234
124
201
219
272
438
455
320
53
255
463
84
442
81
337
404
492
326
492
80
15
381
445
344
143
312
19
447
423
25
196
297
170
43
125
463
43
358
45
71
346
155
176
97
130
478
383
219
290
5
27
172
358
83
158
251
487
294
423
463
75
251
438
359
324
439
209
37
337
242
386
279
34
73
168
250
84
205
382
71
492
244
187
209
130
55
389
134
464
253
133
453
49
256
235
428
64
66
343
13
96
19
131
265
189
294
13
70
490
38
93
130
330
140
88
218
19
154
345
323
