887
640
461
743
373
629
176
370
998
649
375
579
5
119
644
714
646
618
605
576
550
664
783
245
151
112
722
430
706
93
471
745
63
630
149
478
576
812
491
228
525
687
112
876
320
437
519
918
128
712
735
991
483
683
430
140
851
49
493
829
828
10
382
113
332
842
762
553
264
616
247
508
360
288
118
39
353
925
883
558
9
135
838
908
447
188
759
115
903
135
982
736
245
290
640
486
802
312
6
381
658
284
383
494
734
895
485
871
932
890
597
86
100
913
976
243
822
40
447
582
671
317
979
370
371
393
234
845
948
124
782
605
224
52
655
360
936
122
329
383
909
457
456
993
14
460
839
936
700
834
697
426
270
720
7
135
576
180
495
825
270
170
389
492
487
341
92
916
861
515
157
910
200
53
200
804
362
906
104
16
469
255
729
627
977
389
381
515
898
143
275
511
493
454
113
656
827
362
672
39
551
688
494
285
921
131
962
2
653
304
55
717
581
922
627
525
251
302
786
882
115
892
659
611
93
467
652
797
688
376
281
404
578
19
736
929
148
462
752
496
610
106
632
541
825
223
628
67
288
176
585
240
649
250
554
897
905
351
635
757
3
434
11
528
507
369
263
463
237
778
208
442
654
748
807
659
483
67
119
402
486
479
824
234
759
602
876
804
302
236
218
677
966
885
496
895
237
198
726
273
769
60
838
124
621
274
31
131
704
194
840
45
598
175
737
555
632
274
614
760
615
79
525
218
566
604
550
92
661
454
466
101
882
335
188
897
362
8
605
841
589
350
388
97
999
556
825
503
890
981
778
83
185
861
935
583
392
155
232
388
807
277
119
150
109
592
40
22
105
265
693
354
412
621
325
682
330
338
28
650
32
16
534
375
671
680
581
208
614
271
163
19
222
766
281
992
486
922
741
670
639
171
626
600
346
323
138
492
614
28
702
248
541
798
326
721
30
629
971
305
717
739
274
972
902
807
604
407
866
537
120
118
312
456
674
377
76
403
900
794
509
488
514
557
287
44
420
620
825
96
709
310
346
948
857
556
237
306
835
480
451
890
171
170
391
606
503
24
260
761
849
361
395
1
734
454
633
541
454
13
613
901
343
708
895
613
292
391
660
605
275
405
942
32
268
5
353
263
886
209
