93
899
804
926
999
468
855
192
529
404
405
769
492
864
425
854
229
616
612
862
82
602
471
854
16
186
751
826
217
924
753
241
907
486
245
173
715
324
816
270
249
817
745
323
333
118
373
292
239
947
373
398
588
984
661
948
420
254
240
630
321
606
655
937
666
494
504
179
741
156
179
41
523
320
488
103
60
994
572
122
36
93
707
246
414
439
543
144
420
701
534
823
657
576
794
603
813
958
505
74
480
183
157
635
786
517
254
89
462
758
843
966
303
322
848
57
635
35
841
933
204
141
253
536
45
628
406
653
474
300
148
894
288
562
649
345
595
957
719
93
790
119
590
946
869
518
970
427
31
129
256
185
904
265
233
909
122
847
480
377
427
804
37
947
921
424
564
879
378
546
512
496
497
545
8
3
450
341
483
17
391
485
48
575
211
182
311
235
347
692
611
484
909
104
352
166
320
526
121
489
411
962
651
782
690
807
454
990
906
379
473
302
566
362
532
42
650
62
521
165
364
280
692
570
483
510
114
931
464
240
757
555
857
760
597
994
668
870
499
797
185
397
599
159
544
470
425
896
473
110
340
455
522
919
86
239
275
400
421
580
101
970
956
857
905
72
322
696
534
465
388
989
594
798
480
823
569
642
450
827
508
675
268
958
672
188
286
287
31
332
254
752
732
799
497
599
560
470
399
797
633
605
700
41
874
482
610
994
742
685
444
872
926
328
766
670
778
276
872
110
140
685
433
880
504
379
464
417
415
655
222
172
379
22
656
383
557
213
448
781
146
529
74
859
964
497
460
265
341
155
431
416
478
327
955
866
325
828
134
306
909
197
436
377
199
360
571
818
815
27
766
83
329
315
297
224
730
66
4
46
387
772
488
752
376
694
134
626
703
380
215
552
844
686
790
529
210
294
306
678
891
856
807
281
144
86
892
19
36
471
792
70
226
916
558
804
848
295
551
562
563
56
374
797
97
405
358
735
374
589
920
358
94
489
753
842
642
759
680
992
429
525
38
535
526
910
285
686
744
164
195
633
972
507
8
526
80
118
146
808
33
192
82
951
948
856
903
642
147
650
465
971
659
270
704
269
745
632
227
884
117
451
772
568
550
210
704
464
549
205
940
7
622
916
51
598
609
547
261
670
