57
95
191
99
194
61
123
140
161
68
125
75
83
89
115
130
45
99
104
114
85
31
96
99
64
174
74
6
32
162
162
37
141
174
124
14
10
142
65
29
43
10
126
88
169
199
18
118
113
144
137
55
97
36
15
162
69
129
21
149
136
101
104
103
96
117
185
62
83
43
74
16
95
200
112
91
80
175
104
71
62
58
136
40
200
51
10
177
107
127
196
121
139
135
60
118
200
104
42
87
45
8
10
172
79
195
67
132
56
76
147
52
151
134
112
95
73
128
114
100
78
117
165
52
110
88
146
161
18
130
156
125
142
98
84
142
26
167
168
7
94
151
48
142
111
116
115
13
96
115
155
10
137
56
146
136
36
148
165
28
138
60
33
121
60
156
96
33
195
196
190
16
66
94
178
88
164
91
53
174
106
32
17
83
146
163
154
15
198
12
78
32
32
30
75
173
103
182
184
138
196
18
33
71
134
83
147
155
156
121
56
126
66
176
59
192
95
180
189
7
198
167
40
53
27
164
45
174
34
160
174
44
79
24
21
152
152
81
192
14
188
132
37
169
57
38
158
25
14
165
27
150
107
142
105
150
77
145
155
88
45
75
150
104
101
171
6
199
72
121
89
31
128
49
41
107
22
195
34
9
45
64
40
182
15
107
102
88
173
59
41
95
13
162
122
93
195
95
188
136
