395
552
526
217
328
362
59
458
583
386
739
575
455
617
406
295
177
114
72
668
747
617
73
166
692
244
741
533
571
170
73
643
700
256
712
233
136
94
138
567
694
383
342
159
784
742
198
171
75
77
729
548
200
125
565
549
117
212
185
698
365
421
169
646
645
742
464
634
333
301
634
653
634
470
184
338
91
227
224
319
259
206
162
52
704
529
609
519
449
86
580
285
780
718
268
330
496
51
519
743
455
300
146
494
552
631
298
486
687
552
240
406
397
141
398
167
386
586
563
142
265
675
109
266
360
189
798
435
442
190
786
276
353
594
77
243
746
640
349
247
449
574
211
668
348
217
646
693
289
522
781
136
800
509
668
602
447
509
385
566
660
408
432
438
719
93
568
632
214
462
239
469
744
396
561
741
636
741
238
785
415
277
102
520
172
227
337
355
732
465
235
126
416
460
74
539
131
420
322
663
269
445
720
98
529
336
250
670
458
742
385
198
452
574
51
797
263
617
761
421
687
149
676
118
96
193
135
770
81
436
686
679
351
576
97
217
198
635
357
549
701
480
52
575
297
440
189
99
617
774
550
519
583
402
441
491
185
724
647
139
106
157
351
573
753
367
764
106
169
262
184
583
501
292
570
181
745
256
620
469
721
674
497
654
128
711
513
274
117
582
183
163
151
479
129
724
337
717
152
134
355
679
407
623
110
234
246
696
223
767
614
378
334
98
261
298
480
131
408
611
131
707
184
584
304
206
746
767
782
344
728
582
81
81
361
637
753
406
73
643
452
150
778
150
549
435
211
582
745
301
126
205
192
653
159
775
494
329
546
699
406
548
454
389
536
410
166
698
783
195
343
373
51
715
183
788
369
181
145
162
440
778
430
691
467
793
475
228
469
659
329
614
120
191
679
90
719
429
291
758
549
329
441
50
758
453
109
118
388
763
219
595
153
370
593
109
677
436
482
739
136
259
403
766
616
413
374
726
267
284
755
132
197
560
53
421
99
111
185
516
665
463
248
541
707
752
139
699
638
699
675
512
484
90
144
733
528
158
320
418
90
79
110
735
678
101
264
404
592
381
436
290
287
521
563
419
415
204
340
404
391
380
235
712
455
796
294
133
179
737
701
159
617
172
334
159
403
200
708
600
