156
311
49
300
476
403
381
446
166
13
332
32
492
362
139
420
289
165
259
411
253
215
232
405
459
13
358
213
216
391
282
121
312
262
387
462
320
90
41
258
327
155
220
414
107
490
147
232
427
409
302
283
318
359
94
147
415
73
175
79
152
198
60
433
290
323
185
389
167
452
429
322
127
306
388
51
77
406
383
17
342
99
256
158
300
168
377
50
20
217
112
410
162
216
133
336
79
31
127
201
373
386
237
110
103
183
413
281
87
479
1
175
233
339
299
480
267
487
447
227
299
328
226
413
174
136
188
341
217
237
120
458
362
146
58
37
498
106
175
393
221
259
44
492
288
74
499
105
126
70
6
109
263
303
320
472
463
214
103
124
34
115
384
460
37
6
270
419
440
226
469
431
63
168
443
55
488
264
197
213
447
163
464
64
364
418
244
94
186
230
465
474
473
469
369
163
207
161
318
84
53
260
348
139
321
305
84
141
188
477
444
155
180
481
224
117
463
260
22
97
459
61
206
439
391
229
240
182
288
87
458
222
458
308
159
329
2
210
162
236
456
476
117
453
26
312
325
224
371
254
63
231
326
221
333
345
183
313
95
119
448
296
486
270
390
473
91
385
411
231
21
212
40
58
64
317
200
229
385
483
208
416
47
253
499
432
288
375
105
457
446
208
31
357
326
198
81
460
415
395
400
64
433
492
181
178
296
325
472
378
195
392
354
33
73
455
21
357
474
354
237
151
424
498
252
256
27
81
444
489
496
234
145
326
186
224
462
349
217
115
176
405
198
363
434
226
449
357
261
216
359
88
68
193
26
205
400
363
3
216
217
483
497
500
361
371
487
453
211
363
376
240
445
193
220
467
119
450
312
439
327
109
287
280
276
143
108
333
231
361
319
422
182
355
447
207
270
481
270
370
